请输入迷宫的行数：请输入迷宫的列数：下面请输入迷宫（通道为0，墙为1）：
请输入迷宫的起点坐标：请输入迷宫的终点坐标：
DFS找到的路径为:
(1,1)向南移动到达(2,1)
(2,1)向南移动到达(3,1)
(3,1)向东移动到达(3,2)
(3,2)向东移动到达(3,3)
(3,3)向南移动到达(4,3)
(4,3)向东移动到达(4,4)
(4,4)向东移动到达(4,5)
(4,5)向东移动到达(4,6)
(4,6)向南移动到达(5,6)
(5,6)向东移动到达(5,7)

BFS找到的路径为:

路径#1:
(1,1)向南移动到达(2,1)
(2,1)向南移动到达(3,1)
(3,1)向东移动到达(3,2)
(3,2)向东移动到达(3,3)
(3,3)向南移动到达(4,3)
(4,3)向东移动到达(4,4)
(4,4)向东移动到达(4,5)
(4,5)向东移动到达(4,6)
(4,6)向南移动到达(5,6)
(5,6)向东移动到达(5,7)

路径#2:
(1,1)向南移动到达(2,1)
(2,1)向南移动到达(3,1)
(3,1)向东移动到达(3,2)
(3,2)向南移动到达(4,2)
(4,2)向东移动到达(4,3)
(4,3)向东移动到达(4,4)
(4,4)向东移动到达(4,5)
(4,5)向东移动到达(4,6)
(4,6)向南移动到达(5,6)
(5,6)向东移动到达(5,7)

路径#3:
(1,1)向南移动到达(2,1)
(2,1)向南移动到达(3,1)
(3,1)向东移动到达(3,2)
(3,2)向东移动到达(3,3)
(3,3)向南移动到达(4,3)
(4,3)向南移动到达(5,3)
(5,3)向东移动到达(5,4)
(5,4)向北移动到达(4,4)
(4,4)向东移动到达(4,5)
(4,5)向东移动到达(4,6)
(4,6)向南移动到达(5,6)
(5,6)向东移动到达(5,7)

路径#4:
(1,1)向南移动到达(2,1)
(2,1)向南移动到达(3,1)
(3,1)向东移动到达(3,2)
(3,2)向东移动到达(3,3)
(3,3)向北移动到达(2,3)
(2,3)向东移动到达(2,4)
(2,4)向东移动到达(2,5)
(2,5)向东移动到达(2,6)
(2,6)向南移动到达(3,6)
(3,6)向南移动到达(4,6)
(4,6)向南移动到达(5,6)
(5,6)向东移动到达(5,7)

路径#5:
(1,1)向南移动到达(2,1)
(2,1)向南移动到达(3,1)
(3,1)向东移动到达(3,2)
(3,2)向南移动到达(4,2)
(4,2)向东移动到达(4,3)
(4,3)向南移动到达(5,3)
(5,3)向东移动到达(5,4)
(5,4)向北移动到达(4,4)
(4,4)向东移动到达(4,5)
(4,5)向东移动到达(4,6)
(4,6)向南移动到达(5,6)
(5,6)向东移动到达(5,7)

路径#6:
(1,1)向南移动到达(2,1)
(2,1)向南移动到达(3,1)
(3,1)向东移动到达(3,2)
(3,2)向南移动到达(4,2)
(4,2)向东移动到达(4,3)
(4,3)向北移动到达(3,3)
(3,3)向北移动到达(2,3)
(2,3)向东移动到达(2,4)
(2,4)向东移动到达(2,5)
(2,5)向东移动到达(2,6)
(2,6)向南移动到达(3,6)
(3,6)向南移动到达(4,6)
(4,6)向南移动到达(5,6)
(5,6)向东移动到达(5,7)
